0: 62 69 53 42 14 58 39 
1: 67 80 54 
2: 0 21 65 23 53 
3: 82 2 58 54 
4: 95 79 17 43 30 88 
5: 40 80 
6: 94 
7: 5 10 97 
8: 30 65 10 4 
9: 5 97 71 10 36 
10: 48 
11: 1 92 76 
12: 22 56 92 45 66 69 
13: 75 
14: 19 85 52 35 20 13 74 60 18 53 
15: 12 19 0 
16: 9 14 85 74 76 48 40 
17: 92 83 72 86 68 9 10 
18: 28 78 81 1 
19: 65 
20: 61 19 69 32 
21: 65 82 86 
22: 
23: 95 79 
24: 49 11 91 43 48 33 
25: 15 60 1 
26: 15 58 
27: 85 73 80 
28: 53 98 58 29 
29: 69 50 61 55 10 38 
30: 60 97 85 
31: 7 43 89 97 26 91 
32: 73 52 92 97 
33: 74 15 67 44 38 
34: 26 24 98 
35: 74 41 
36: 97 84 38 20 4 54 
37: 97 38 23 46 70 91 
38: 61 80 19 16 12 40 41 
39: 58 65 91 28 37 48 14 83 
40: 60 66 6 
41: 29 82 11 81 
42: 65 43 68 
43: 24 
44: 45 36 
45: 32 50 
46: 33 25 32 22 
47: 0 49 65 
48: 47 32 
49: 42 45 64 
50: 54 
51: 46 63 
52: 49 78 
53: 51 65 29 37 
54: 59 
55: 48 8 75 82 5 
56: 47 67 0 
57: 34 12 56 20 96 
58: 37 65 
59: 34 45 39 10 73 95 18 65 
60: 98 2 80 24 91 47 4 
61: 96 67 23 52 11 64 
62: 54 43 58 90 99 85 42 28 
63: 51 53 92 
64: 61 16 26 89 35 67 
65: 38 7 14 30 52 
66: 39 34 
67: 61 20 43 13 
68: 89 27 
69: 81 72 
70: 82 41 22 11 
71: 50 78 87 40 
72: 26 3 53 55 93 60 65 
73: 44 18 68 24 21 0 
74: 61 33 55 23 
75: 73 17 44 0 55 
76: 43 86 42 60 
77: 16 93 69 86 99 55 87 
78: 43 40 68 49 18 
79: 47 67 93 86 6 70 
80: 99 62 18 72 
81: 9 39 75 49 
82: 0 79 36 93 44 54 43 40 
83: 44 10 66 1 39 
84: 91 25 40 
85: 12 55 49 
86: 23 29 43 
87: 78 46 81 61 45 
88: 84 25 
89: 36 21 
90: 15 0 11 36 5 
91: 81 64 
92: 69 4 19 6 5 51 
93: 14 1 
94: 9 45 
95: 58 10 51 71 56 4 61 
96: 15 61 91 86 84 50 1 
97: 41 59 32 12 
98: 13 52 
99: 33 
