0: 57 183 15 69 184 14 39 56 18 
1: 136 142 86 27 102 46 163 118 
2: 112 100 60 43 172 58 111 160 
3: 29 175 173 141 68 46 35 26 59 
4: 127 190 78 189 117 159 167 56 81 36 126 
5: 85 174 21 3 91 20 109 115 185 176 129 38 90 
6: 108 153 30 171 2 88 151 45 100 98 
7: 35 127 123 43 172 111 120 164 73 145 
8: 114 155 193 45 153 24 135 196 146 26 
9: 109 125 184 59 159 106 192 47 118 43 
10: 90 42 125 191 46 84 24 172 131 137 176 147 187 
11: 12 47 92 141 37 169 61 
12: 18 195 95 
13: 103 189 197 46 
14: 72 193 43 117 0 33 78 89 73 
15: 161 79 181 85 83 132 43 78 71 46 
16: 75 12 56 81 64 146 61 20 
17: 94 163 104 194 138 47 133 46 149 
18: 86 199 32 50 190 
19: 8 121 133 38 112 
20: 110 40 1 38 106 64 53 71 
21: 99 16 151 69 163 139 78 
22: 181 57 16 148 99 64 60 27 
23: 11 88 80 188 112 122 162 99 
24: 156 162 115 98 22 94 169 0 
25: 17 187 75 69 
26: 12 107 157 60 126 
27: 144 157 15 10 65 135 100 92 6 
28: 136 10 123 176 122 47 70 51 154 94 72 130 58 102 73 129 
29: 31 179 185 75 197 7 189 
30: 71 75 112 148 199 1 
31: 119 18 186 135 176 162 5 160 13 23 139 2 
32: 183 84 87 22 118 152 101 30 132 171 38 
33: 171 153 118 146 5 30 138 92 175 
34: 123 9 79 5 184 158 
35: 105 125 23 129 175 
36: 30 130 131 179 99 172 192 37 159 
37: 65 89 64 54 157 84 164 50 
38: 44 5 40 16 124 93 60 56 
39: 92 78 122 40 88 68 13 145 
40: 70 109 88 146 144 18 193 127 
41: 39 33 54 27 172 122 119 61 111 
42: 61 17 43 54 121 162 
43: 101 19 44 149 39 29 113 40 82 158 157 
44: 81 117 108 193 98 28 11 175 95 99 129 
45: 53 169 127 77 121 46 74 1 32 31 
46: 73 110 42 101 71 32 17 38 70 
47: 78 180 104 154 168 135 70 172 49 
48: 124 136 135 
49: 98 164 17 21 65 53 0 
50: 62 153 129 165 155 
51: 178 114 44 37 167 176 1 145 142 5 152 
52: 184 71 177 156 8 90 131 199 127 46 169 161 
53: 59 173 65 128 108 101 11 46 178 63 104 
54: 8 102 187 137 46 133 69 110 
55: 64 145 160 115 29 168 56 197 67 25 
56: 178 185 20 141 187 
57: 92 170 134 56 4 8 189 77 184 58 5 95 165 
58: 196 187 31 83 4 
59: 194 187 51 130 68 45 55 24 72 
60: 143 61 42 183 10 122 19 65 187 40 198 
61: 144 33 135 86 46 87 39 192 101 
62: 156 29 151 4 162 53 100 59 187 55 24 
63: 53 137 176 141 37 39 194 5 43 150 133 59 178 
64: 117 15 187 108 156 154 150 
65: 54 173 57 188 138 44 46 63 136 96 114 
66: 5 190 4 146 100 
67: 57 76 54 193 46 29 
68: 10 137 125 7 90 
69: 73 110 16 117 
70: 62 12 179 34 189 73 6 
71: 172 59 168 147 174 138 15 135 48 84 
72: 145 126 138 45 150 9 195 20 
73: 49 109 121 196 192 189 186 180 188 82 133 
74: 111 57 171 
75: 28 185 11 170 
76: 99 79 137 
77: 49 146 190 174 118 
78: 142 185 70 72 51 141 94 88 
79: 185 131 108 39 27 121 139 127 100 192 
80: 65 10 181 127 154 171 3 89 
81: 152 105 164 26 36 47 60 175 150 
82: 89 155 108 43 172 47 15 154 
83: 28 120 27 185 
84: 169 108 15 149 36 162 63 134 119 
85: 48 117 10 182 26 135 179 166 193 90 54 147 
86: 125 190 117 45 76 148 
87: 71 132 89 109 33 24 147 159 141 178 
88: 28 127 60 145 12 69 62 195 56 52 
89: 0 64 21 30 170 73 47 
90: 121 63 186 170 87 103 
91: 109 72 90 123 73 157 146 
92: 113 196 199 101 58 197 175 65 177 61 
93: 140 187 137 176 122 64 91 106 159 
94: 142 66 86 18 57 106 178 
95: 135 127 55 196 48 143 61 115 
96: 0 108 164 66 81 176 101 
97: 26 74 58 127 163 105 
98: 115 137 190 81 121 25 
99: 2 179 107 55 20 35 19 
100: 31 152 4 1 59 70 83 33 
101: 108 163 78 
102: 176 114 65 92 128 
103: 1 53 87 112 133 57 162 98 65 3 71 
104: 152 87 14 41 62 123 139 44 31 
105: 27 187 100 112 118 127 87 175 71 26 15 
106: 63 41 23 157 
107: 171 9 80 189 170 86 74 138 10 126 40 123 183 100 82 
108: 195 93 189 147 71 150 113 173 170 92 128 61 
109: 62 145 86 3 15 141 91 29 
110: 68 54 60 80 174 
111: 197 193 172 105 58 127 
112: 26 59 188 12 118 
113: 35 185 139 17 37 111 56 178 150 10 110 163 160 
114: 16 62 178 113 158 126 
115: 4 197 184 19 52 91 11 29 26 156 
116: 93 164 35 26 179 11 196 85 33 
117: 42 49 66 199 120 179 173 16 111 12 
118: 177 184 152 111 185 48 95 0 
119: 24 150 82 86 40 148 193 110 164 
120: 10 53 123 187 14 4 
121: 27 196 107 165 91 141 35 105 184 21 
122: 76 67 120 105 39 188 21 52 177 
123: 154 165 184 185 25 67 114 38 119 169 
124: 83 119 79 102 133 139 58 46 
125: 91 79 
126: 142 82 93 166 187 178 164 117 
127: 92 176 116 123 196 125 11 67 
128: 30 70 144 6 5 170 19 54 32 158 
129: 17 14 125 195 
130: 196 160 180 188 81 164 98 55 162 190 
131: 38 155 5 173 
132: 5 135 184 75 32 
133: 66 93 126 81 90 
134: 133 62 67 38 193 60 51 168 107 150 151 136 114 
135: 33 10 91 157 99 58 40 
136: 1 70 102 93 42 139 159 199 
137: 43 89 174 125 
138: 147 67 93 144 89 124 180 
139: 67 61 80 123 117 78 27 149 
140: 31 146 96 158 163 127 161 111 16 40 197 
141: 196 135 39 174 132 192 136 
142: 17 59 178 94 99 65 
143: 153 129 78 131 168 159 139 59 182 144 
144: 135 127 165 122 194 192 169 159 121 
145: 141 93 194 84 
146: 75 58 64 135 91 83 49 184 86 116 
147: 175 78 123 6 22 126 
148: 119 137 186 65 4 159 16 188 36 
149: 98 165 102 154 88 158 22 163 140 190 
150: 15 99 189 159 98 120 177 199 
151: 30 76 63 72 82 152 170 162 179 114 144 140 
152: 184 43 121 44 73 109 187 197 
153: 172 34 18 189 150 39 171 116 144 2 
154: 176 104 180 140 118 
155: 83 30 101 180 130 112 60 110 153 7 
156: 5 171 199 15 151 146 
157: 131 8 161 79 78 18 40 14 168 128 36 
158: 
159: 145 189 86 84 88 
160: 165 66 129 16 12 155 57 181 
161: 127 43 100 116 81 
162: 9 90 110 112 16 95 159 96 94 35 127 
163: 111 0 80 135 47 15 71 
164: 98 198 41 55 53 81 136 15 
165: 124 57 33 110 163 117 
166: 82 111 139 163 198 160 
167: 67 192 150 166 131 38 103 156 
168: 70 20 176 128 82 185 165 
169: 112 123 138 156 71 86 122 49 9 43 
170: 81 107 106 13 89 152 80 174 
171: 124 130 141 26 22 11 
172: 94 188 142 5 193 31 73 
173: 190 124 46 31 127 155 33 
174: 187 98 
175: 16 40 22 81 199 6 124 
176: 54 64 89 74 118 165 57 121 30 190 70 
177: 6 148 149 100 120 164 178 173 
178: 128 79 149 140 39 171 45 158 10 
179: 
180: 171 11 30 110 159 131 107 58 154 29 167 139 
181: 196 121 21 92 70 149 144 197 101 
182: 74 144 49 99 98 
183: 80 0 10 129 172 20 
184: 185 153 193 129 16 37 98 51 12 122 75 
185: 31 95 178 143 157 5 101 113 54 65 85 74 131 94 21 
186: 29 110 47 21 2 175 87 
187: 25 117 181 
188: 54 70 49 16 46 109 99 71 137 
189: 89 132 110 75 65 61 
190: 121 59 96 49 136 57 81 7 43 113 9 90 172 
191: 60 26 177 101 94 136 143 138 102 167 75 24 22 188 8 
192: 169 118 5 145 152 63 196 59 163 
193: 36 73 125 53 51 106 85 57 149 47 
194: 37 142 
195: 193 149 97 37 11 110 2 52 34 179 40 
196: 46 186 119 187 195 77 69 140 145 17 199 57 59 2 
197: 188 23 109 73 122 
198: 18 110 189 42 24 186 
199: 54 181 18 183 104 37 124 147 166 
