0: 320 162 61 246 393 86 56 307 183 
1: 40 173 115 382 285 384 186 353 161 92 391 345 314 
2: 118 25 113 107 325 326 153 
3: 171 346 17 264 332 364 32 1 162 382 397 
4: 233 102 136 99 2 219 137 383 
5: 45 97 305 115 275 
6: 264 153 201 162 270 144 
7: 279 354 344 311 305 163 221 43 315 
8: 53 174 124 311 161 380 
9: 331 132 92 386 41 397 255 196 
10: 102 92 142 287 148 338 
11: 188 276 238 235 275 315 300 
12: 355 145 391 250 43 378 31 
13: 213 137 204 52 334 
14: 329 271 59 369 117 38 5 
15: 295 87 360 377 232 
16: 124 6 110 286 232 43 394 
17: 95 392 4 354 93 73 187 108 
18: 331 330 234 188 155 124 17 325 217 
19: 386 97 161 318 132 219 206 151 366 11 217 199 
20: 396 139 375 134 253 137 117 86 205 129 154 
21: 190 390 143 365 352 8 254 76 
22: 382 192 9 356 128 19 222 275 321 378 284 115 189 
23: 94 345 154 367 110 244 18 190 
24: 361 14 296 308 101 322 
25: 79 36 243 204 290 276 
26: 329 165 367 145 269 287 71 184 84 86 180 395 30 151 181 275 
27: 382 325 376 12 247 51 330 278 
28: 10 81 156 265 195 350 384 134 34 218 97 
29: 283 249 58 344 121 375 314 146 
30: 306 164 52 324 35 
31: 165 7 91 142 382 103 36 
32: 333 176 14 63 230 47 124 145 232 
33: 321 296 211 300 153 45 
34: 128 262 293 351 71 79 398 378 
35: 298 274 137 93 261 81 223 393 72 26 61 383 13 332 
36: 150 366 209 244 
37: 88 114 66 138 306 368 252 120 219 
38: 52 48 260 316 397 299 
39: 340 277 164 93 
40: 154 148 77 8 201 216 324 127 253 78 101 
41: 60 215 
42: 44 236 313 121 110 298 218 283 304 123 54 80 
43: 98 195 173 163 5 281 265 79 93 157 149 80 
44: 207 259 330 395 209 38 11 191 42 
45: 155 271 125 12 189 64 127 94 397 309 391 
46: 20 14 78 283 275 215 69 89 126 
47: 85 206 205 70 201 319 228 
48: 100 81 372 282 14 131 398 315 221 209 59 179 
49: 140 54 183 222 11 138 24 358 76 204 319 389 339 
50: 154 389 274 364 8 166 185 
51: 221 343 220 144 
52: 222 317 154 265 29 39 84 279 
53: 345 176 109 177 299 370 117 
54: 213 342 272 338 309 149 227 346 100 305 147 
55: 362 43 88 304 281 310 294 138 18 390 225 284 255 369 
56: 256 233 339 192 399 
57: 395 153 183 61 162 
58: 182 381 211 391 67 52 185 249 34 72 251 241 289 
59: 374 327 280 273 69 68 45 
60: 133 217 76 29 271 237 363 356 5 82 93 396 
61: 123 38 349 125 345 36 
62: 266 283 343 49 99 
63: 54 188 262 139 185 391 31 195 302 136 
64: 224 155 158 90 371 
65: 304 128 163 264 293 183 162 79 23 
66: 390 30 348 199 129 76 97 391 196 
67: 240 397 336 178 128 144 33 233 40 238 106 136 
68: 75 41 137 184 50 383 191 
69: 380 123 292 189 232 345 251 356 399 351 139 131 
70: 291 39 372 68 113 254 347 65 237 58 
71: 221 159 391 365 73 299 
72: 297 35 268 55 219 217 65 225 385 285 
73: 107 35 190 66 313 368 286 290 199 315 279 138 185 
74: 278 94 0 392 399 244 38 280 62 277 254 
75: 243 10 103 316 132 82 
76: 134 356 236 167 297 99 121 322 
77: 63 259 84 75 172 255 41 
78: 205 192 55 80 378 228 
79: 105 193 312 308 2 375 365 4 316 147 3 
80: 285 145 16 15 156 324 46 101 13 159 284 332 208 148 41 181 
81: 340 210 182 12 168 217 345 88 205 366 6 
82: 161 319 66 311 278 205 291 20 235 
83: 220 305 286 43 3 212 243 89 379 324 142 143 313 
84: 161 57 167 216 311 184 
85: 213 271 33 380 192 193 
86: 125 216 8 375 237 
87: 160 163 37 177 121 192 39 
88: 208 187 347 19 330 357 379 374 113 388 159 
89: 6 302 122 296 32 37 262 146 126 
90: 288 396 38 132 386 190 0 319 185 
91: 105 54 291 4 
92: 339 121 381 394 327 332 
93: 157 138 34 2 374 173 239 297 307 
94: 383 141 331 326 227 275 392 
95: 313 94 133 258 304 1 112 169 67 184 278 178 92 
96: 207 8 203 156 160 222 301 89 
97: 156 62 165 366 52 301 85 372 357 
98: 158 293 379 5 316 189 339 252 254 373 
99: 256 133 384 305 350 117 325 118 
100: 89 113 7 379 121 57 220 383 16 211 
101: 262 321 376 193 75 6 102 204 378 
102: 260 70 142 233 144 50 29 236 
103: 143 124 329 362 229 80 163 270 292 218 
104: 197 21 122 16 
105: 44 300 264 1 372 244 279 283 163 
106: 334 105 207 126 66 8 200 
107: 271 245 335 82 97 87 86 292 149 302 
108: 20 93 26 373 305 
109: 399 224 323 317 104 370 87 135 25 105 216 
110: 230 285 288 187 321 40 
111: 80 326 227 349 20 222 342 388 315 53 
112: 173 260 270 257 3 311 297 
113: 183 383 155 57 154 142 165 200 327 109 9 
114: 72 294 221 156 149 292 106 257 380 246 0 
115: 231 281 108 351 15 286 
116: 30 308 158 249 
117: 40 248 154 99 77 332 344 259 29 
118: 199 76 110 399 104 286 
119: 201 7 267 250 56 359 161 117 177 209 
120: 22 119 365 298 24 325 197 93 333 206 
121: 293 84 313 276 98 63 363 58 72 206 88 
122: 192 290 12 288 176 256 64 125 
123: 50 85 44 321 249 208 368 13 252 
124: 75 346 319 143 294 141 337 192 382 
125: 332 295 261 66 157 
126: 88 145 117 156 208 155 99 28 82 
127: 232 329 277 377 217 41 6 322 
128: 236 356 305 76 299 6 
129: 19 292 375 1 146 6 165 243 
130: 348 142 229 18 386 254 70 4 79 
131: 235 315 206 152 3 180 306 38 
132: 135 205 194 375 92 160 239 267 178 
133: 195 107 233 129 134 118 177 124 138 341 71 319 376 
134: 211 279 237 231 368 318 178 108 256 
135: 362 38 332 68 367 282 318 242 81 117 9 
136: 2 134 350 311 107 
137: 125 113 68 228 384 247 123 162 
138: 325 329 223 214 64 260 342 316 
139: 366 73 224 271 297 156 201 307 16 
140: 99 18 332 94 59 231 209 129 398 
141: 258 148 288 136 104 
142: 238 312 226 148 240 111 246 90 389 146 158 242 209 375 376 268 324 282 13 
143: 91 372 179 336 284 377 93 362 
144: 137 294 94 292 197 384 
145: 204 135 337 353 325 265 211 
146: 157 248 149 306 153 219 138 201 395 351 173 276 180 
147: 261 291 200 97 340 75 229 254 
148: 227 199 142 214 63 230 399 373 309 138 
149: 130 209 290 119 32 52 
150: 362 288 272 269 40 264 344 
151: 178 104 197 385 101 174 332 22 88 18 10 130 
152: 67 70 389 318 181 268 129 
153: 221 363 75 35 
154: 180 194 333 215 126 84 23 243 
155: 60 15 200 31 322 51 142 392 87 186 165 242 
156: 320 146 193 200 135 64 124 299 367 
157: 281 40 109 116 205 79 242 
158: 270 150 386 358 132 
159: 135 181 98 289 269 153 8 11 381 54 
160: 266 337 361 88 374 
161: 184 58 302 289 268 3 129 306 
162: 328 286 150 92 125 
163: 328 80 270 360 39 171 51 363 253 
164: 324 110 69 85 117 247 260 337 142 277 5 
165: 219 235 7 251 374 
166: 6 71 365 285 344 229 53 313 89 119 144 280 
167: 269 18 282 19 228 341 239 347 71 283 
168: 298 150 41 346 306 130 
169: 191 244 6 159 83 70 227 
170: 294 376 90 263 207 80 116 295 320 61 173 194 
171: 5 307 168 200 
172: 391 150 399 225 219 92 199 82 259 14 170 89 
173: 288 124 370 116 211 109 257 23 129 
174: 344 299 199 200 357 397 
175: 253 33 260 9 137 88 13 280 72 373 356 
176: 207 384 371 49 253 189 195 
177: 354 142 313 337 
178: 362 183 196 209 
179: 0 151 216 253 23 267 393 212 230 235 66 366 75 
180: 172 233 125 32 349 201 295 
181: 117 155 175 347 73 80 21 153 
182: 335 5 276 213 202 
183: 361 1 97 10 167 11 357 321 73 340 157 355 30 350 
184: 64 108 201 391 358 292 361 
185: 398 363 100 272 304 305 
186: 54 315 1 38 103 365 256 44 202 372 
187: 302 215 360 390 
188: 62 30 311 280 218 399 336 384 5 333 207 3 
189: 84 89 345 301 102 136 259 200 44 148 
190: 212 359 60 124 393 340 74 
191: 212 354 214 335 356 128 375 116 
192: 284 315 88 327 216 154 265 
193: 69 256 396 139 
194: 258 267 6 214 233 82 46 202 90 114 325 
195: 372 346 114 175 361 91 314 342 203 142 98 
196: 27 123 254 63 307 202 150 9 
197: 151 316 97 159 154 313 89 113 295 389 186 195 
198: 345 281 359 380 226 356 207 268 298 277 99 
199: 297 223 232 329 388 360 130 328 90 
200: 345 28 262 150 217 27 311 94 177 278 257 4 294 8 
201: 347 236 58 165 43 398 156 92 
202: 360 16 17 302 98 329 
203: 4 330 399 23 270 41 182 307 318 45 
204: 100 361 67 146 5 52 13 303 134 34 
205: 347 311 239 290 65 359 
206: 242 297 136 101 353 260 340 
207: 202 76 83 307 33 
208: 366 126 143 166 23 164 111 392 118 
209: 223 69 24 160 101 163 367 164 38 305 263 8 
210: 53 21 168 337 151 0 61 39 40 
211: 177 350 197 311 277 
212: 222 220 319 217 174 309 324 395 312 
213: 207 341 289 128 181 
214: 143 130 182 22 396 135 205 273 28 116 94 
215: 316 248 59 228 398 200 321 246 107 
216: 270 233 72 305 298 286 
217: 316 240 8 109 242 37 
218: 59 267 120 230 261 386 254 
219: 390 71 194 299 214 102 222 
220: 141 102 364 44 349 397 369 366 88 
221: 153 12 58 34 
222: 161 90 326 204 2 376 103 
223: 10 294 
224: 123 194 371 316 
225: 228 341 263 65 182 89 198 75 
226: 283 232 10 340 122 
227: 217 350 78 75 
228: 112 101 173 361 60 236 
229: 318 371 341 162 8 137 90 149 280 283 353 175 
230: 184 236 80 98 109 188 96 14 
231: 120 238 235 99 371 12 
232: 339 226 274 277 45 248 188 
233: 195 49 20 186 63 
234: 91 332 377 141 
235: 354 170 79 96 57 176 136 330 132 
236: 310 132 207 13 42 219 34 340 164 379 121 
237: 345 181 386 
238: 59 251 243 33 
239: 206 156 308 203 334 304 281 223 59 135 
240: 281 97 352 282 252 334 195 370 132 216 
241: 104 38 272 111 81 185 94 345 171 147 
242: 140 332 28 255 236 345 335 358 385 
243: 85 167 89 354 307 225 
244: 58 29 219 113 319 168 159 
245: 318 62 242 260 361 224 3 52 
246: 48 228 295 53 221 201 39 
247: 337 235 184 106 294 152 134 86 117 314 
248: 203 332 394 262 255 34 67 354 240 27 279 228 162 221 
249: 174 157 253 346 241 126 208 324 311 305 
250: 209 225 135 376 105 382 
251: 46 185 311 233 159 
252: 21 204 195 380 322 
253: 382 36 153 56 48 220 29 
254: 119 371 94 201 279 193 206 294 149 
255: 44 184 308 253 322 220 1 
256: 277 293 5 110 4 
257: 133 365 83 40 100 170 295 
258: 319 
259: 20 394 69 36 229 331 158 298 173 372 258 
260: 178 76 160 88 111 
261: 398 37 228 351 160 100 111 20 
262: 253 250 354 2 125 24 
263: 200 18 397 366 143 46 278 
264: 74 64 42 
265: 299 376 383 13 125 3 110 144 97 389 258 
266: 148 94 245 321 15 342 155 346 289 
267: 23 1 265 111 273 63 329 258 
268: 101 50 153 308 202 338 68 33 103 160 337 
269: 391 202 204 95 362 228 395 61 196 
270: 322 40 331 166 249 11 371 
271: 351 260 75 209 123 
272: 125 263 349 193 242 13 
273: 350 125 186 23 130 
274: 99 127 368 393 340 349 226 63 
275: 167 238 371 13 
276: 78 393 333 374 149 
277: 162 47 49 23 305 317 377 241 256 97 
278: 328 26 44 394 209 35 73 261 21 315 
279: 248 362 21 219 396 284 13 230 277 213 87 
280: 292 100 220 63 72 
281: 26 67 293 83 64 392 339 352 
282: 386 261 312 300 46 391 364 269 38 58 
283: 129 41 193 244 48 153 301 230 344 93 259 322 46 235 260 
284: 41 352 312 13 208 181 45 44 351 294 
285: 74 193 274 165 286 323 60 173 
286: 295 382 211 232 207 
287: 207 372 47 240 122 226 79 365 52 157 
288: 40 88 164 302 346 379 238 319 202 
289: 250 187 294 80 314 58 5 
290: 149 63 326 233 26 245 356 20 28 90 348 
291: 321 0 30 1 229 284 368 263 10 355 307 
292: 201 189 111 280 307 107 351 118 66 192 253 286 
293: 206 330 63 235 181 175 
294: 78 350 321 234 140 299 2 
295: 386 379 399 391 152 7 190 93 
296: 242 76 51 345 265 41 211 35 
297: 114 183 36 268 101 
298: 269 341 29 22 58 154 266 
299: 43 393 15 14 169 146 56 290 334 
300: 288 343 349 5 
301: 80 163 85 319 280 311 112 201 97 16 
302: 158 28 97 271 393 151 
303: 101 228 159 333 391 
304: 189 373 339 
305: 191 188 17 190 139 14 352 
306: 331 13 172 122 168 106 148 195 
307: 110 271 386 375 353 174 159 13 
308: 12 66 52 149 310 249 118 129 190 72 
309: 205 340 374 348 271 
310: 172 323 188 282 241 70 311 32 334 
311: 238 55 324 76 30 139 334 100 399 364 35 
312: 68 258 88 321 281 78 294 340 157 42 
313: 164 395 248 371 64 242 61 243 267 71 
314: 8 31 26 371 220 107 328 69 
315: 212 363 167 196 43 58 141 188 278 16 356 398 269 382 397 
316: 39 33 361 188 332 390 233 
317: 196 136 394 351 253 177 
318: 241 11 146 248 105 173 33 89 157 208 
319: 40 125 366 
320: 175 78 388 149 331 161 231 292 62 18 254 
321: 236 64 375 30 289 164 146 370 184 103 98 230 28 391 
322: 216 19 150 278 105 196 381 240 353 
323: 244 44 184 173 141 
324: 356 110 8 330 319 238 67 
325: 78 287 82 33 86 96 
326: 57 380 99 281 233 241 387 256 277 83 106 78 
327: 393 27 79 80 223 46 314 326 
328: 75 180 201 159 210 
329: 342 16 376 38 84 
330: 66 28 301 115 353 246 370 368 334 36 342 158 266 295 
331: 203 356 140 202 185 
332: 233 221 311 126 297 
333: 109 144 185 27 149 211 36 323 171 209 164 
334: 135 395 213 294 
335: 356 330 110 202 174 228 348 
336: 148 60 319 286 374 51 
337: 364 213 138 122 70 253 397 83 
338: 117 364 281 
339: 106 363 95 116 230 387 27 22 360 94 327 
340: 313 60 117 317 
341: 187 208 132 267 127 134 62 
342: 181 301 185 377 384 323 396 
343: 248 365 324 38 249 126 235 226 347 398 
344: 157 327 218 182 183 260 242 
345: 106 383 360 87 129 207 226 313 197 42 
346: 34 188 68 350 63 399 57 
347: 161 273 90 279 370 149 363 41 330 
348: 55 30 227 266 254 396 
349: 122 180 
350: 292 67 98 183 118 
351: 163 132 134 
352: 17 378 327 195 
353: 341 35 61 162 80 88 133 332 365 
354: 369 48 123 277 242 32 
355: 32 335 174 
356: 102 100 211 67 
357: 61 302 120 268 142 310 88 
358: 329 345 293 234 268 
359: 238 303 87 278 63 333 179 274 234 336 253 283 3 
360: 172 117 262 187 186 399 86 
361: 81 23 276 105 222 172 
362: 30 276 25 135 193 
363: 344 263 140 394 185 12 
364: 283 215 306 109 385 111 381 394 351 307 200 172 275 298 87 
365: 265 37 283 285 159 326 163 282 55 262 
366: 113 67 150 375 196 352 107 
367: 255 162 58 34 306 312 364 132 166 235 150 
368: 171 3 248 328 145 
369: 67 146 23 19 135 250 157 272 338 79 
370: 213 29 174 380 339 331 43 77 190 362 
371: 339 337 91 208 229 34 
372: 262 391 85 61 235 36 
373: 111 32 155 55 135 214 363 
374: 315 225 355 303 301 230 111 218 
375: 289 50 354 82 109 262 105 329 36 
376: 14 159 52 134 211 188 
377: 75 360 392 
378: 124 194 150 99 163 28 47 
379: 389 78 281 234 61 383 
380: 246 300 299 22 
381: 274 297 259 126 143 215 43 77 
382: 241 83 323 65 22 221 305 351 95 117 
383: 277 14 26 332 392 358 207 152 96 3 27 117 64 371 
384: 295 185 105 345 8 387 94 
385: 144 20 343 153 44 
386: 186 155 153 114 188 
387: 357 95 78 215 162 396 142 373 
388: 3 186 199 273 329 158 307 283 
389: 264 364 302 335 35 263 60 190 387 213 
390: 143 279 294 372 112 331 43 
391: 60 82 117 219 372 204 324 
392: 0 86 234 316 362 184 386 72 
393: 222 114 172 90 30 289 209 326 392 
394: 347 341 364 382 49 270 335 265 312 
395: 263 115 303 339 360 230 
396: 135 22 64 343 286 341 278 8 
397: 392 225 237 38 52 382 
398: 360 54 22 367 127 21 9 318 170 207 250 
399: 328 83 103 245 316 42 308 312 210 
